%YAML:1.0
---
# 制钢生铁，单位：万吨
steel: 280
# 铸造生铁，单位：万吨
iron: 200
# 生铁代号，z15:1 z20:2 z25:3 z30:4 z35:5
z: 1

# 工作日
days: 347
# 高炉数量
count: 2